每幅图像的标定误差：
第1幅图像的平均误差：0.0410978像素
第2幅图像的平均误差：0.0507958像素
第3幅图像的平均误差：0.0316659像素
第4幅图像的平均误差：0.0483558像素
第5幅图像的平均误差：0.0422296像素
总体平均误差：0.042829像素

相机内参数矩阵：
[400.2071641748689, 0, 325.3236051288763;
 0, 398.8276710192645, 222.2831138040641;
 0, 0, 1]

畸变系数：
[-0.4021863994855088, 0.1721723150749806, 0.001191178030985579, 0.000955952240249536, -0.03740369913297344]


第1幅图像的旋转向量：
[0.7671838534305955;
 2.534609104782271;
 -0.9510594998178798]
第1幅图像的旋转矩阵：
[-0.8020267810924676, 0.5869538041258476, 0.1106267338063061;
 0.3692959364278323, 0.6328737048721631, -0.6805081814491821;
 -0.4694396167222634, -0.504931783019824, -0.7243413150912186]
第1幅图像的平移向量：
[-589.9844643882939;
 -987.4512736789025;
 2832.573701002956]

第2幅图像的旋转向量：
[-1.283957359285865;
 -2.231719002900836;
 0.3460062309346474]
第2幅图像的旋转矩阵：
[-0.4024660842997106, 0.7190257043548594, -0.5665889934206771;
 0.8568341914865856, 0.5137660363131841, 0.04335467945410504;
 0.3222673102999853, -0.4680240340068416, -0.8228592129301194]
第2幅图像的平移向量：
[-906.3360487588959;
 -1090.606866240536;
 2999.843814054073]

第3幅图像的旋转向量：
[0.6511669067360758;
 2.289896625798051;
 -0.5647003865224833]
第3幅图像的旋转矩阵：
[-0.6429117611969266, 0.5881773437716622, 0.4906239696431251;
 0.2926309329491982, 0.7805799060433521, -0.552324313571867;
 -0.7078358597838541, -0.2115240472264658, -0.6739628869967456]
第3幅图像的平移向量：
[-1630.852496170407;
 -952.0305523786574;
 2832.325659752273]

第4幅图像的旋转向量：
[-1.179084027554919;
 -2.315221133682664;
 0.604605733527256]
第4幅图像的旋转矩阵：
[-0.520553772750217, 0.6214875918248014, -0.5854715559985169;
 0.828395773381542, 0.5337297302539329, -0.1699794625437441;
 0.2068434488184534, -0.5734856129414865, -0.7926727189893792]
第4幅图像的平移向量：
[-1058.711800072528;
 -978.7723249101117;
 2676.756883496461]

第5幅图像的旋转向量：
[-0.1703812918213565;
 2.443248311845003;
 -1.052262454701143]
第5幅图像的旋转矩阵：
[-0.8811494743916617, 0.07020259248276722, 0.4675972623829152;
 -0.2915176126426024, 0.6979498485284142, -0.654128038275628;
 -0.3722809225550726, -0.7126974147195024, -0.594532850020654]
第5幅图像的平移向量：
[255.6612134690119;
 -476.2027029183279;
 3187.528477724407]


