每幅图像的标定误差：
第1幅图像的平均误差：0.0416003像素
第2幅图像的平均误差：0.0431304像素
第3幅图像的平均误差：0.0449278像素
第4幅图像的平均误差：0.0503086像素
第5幅图像的平均误差：0.0593211像素
第6幅图像的平均误差：0.0575349像素
第7幅图像的平均误差：0.0311736像素
第8幅图像的平均误差：0.0308912像素
第9幅图像的平均误差：0.0363493像素
第10幅图像的平均误差：0.0432225像素
第11幅图像的平均误差：0.0318837像素
总体平均误差：0.0427585像素

相机内参数矩阵：
[404.4125216035422, 0, 309.4998993233438;
 0, 404.9925312651681, 223.9820174440615;
 0, 0, 1]

畸变系数：
[-0.4387756153556792, 0.222842916697411, 0.002692131875773567, 0.002113418215127484, -0.06073706132150989]


第1幅图像的旋转向量：
[0.7536284694611881;
 2.569806969386944;
 -0.9712216128552229]
第1幅图像的旋转矩阵：
[-0.8204208522957455, 0.5655707105200652, 0.08390111155492005;
 0.3687047230623672, 0.63548372563178, -0.6783931468172826;
 -0.4369970850129616, -0.5256331476029461, -0.7298926919973879]
第1幅图像的平移向量：
[-475.0604197862193;
 -999.0715702548625;
 2870.85224632152]

第2幅图像的旋转向量：
[-1.263546870953288;
 -2.199572683890132;
 0.3626965394979265]
第2幅图像的旋转矩阵：
[-0.3902948944305554, 0.7000503499214498, -0.5979961563056213;
 0.8549810174067786, 0.5165537206918854, 0.04668740208491484;
 0.3415806716655832, -0.4930535074555545, -0.800138040296963]
第2幅图像的平移向量：
[-785.565058034082;
 -1104.614812002193;
 3060.158512601881]

第3幅图像的旋转向量：
[0.6415609985645602;
 2.323366277635094;
 -0.5688998208989412]
第3幅图像的旋转矩阵：
[-0.6669708505032109, 0.5760266780729006, 0.4725919494948285;
 0.2925141418162109, 0.7857907742761574, -0.5449480121075796;
 -0.6852629870469799, -0.2252246105796966, -0.6925954904362827]
第3幅图像的平移向量：
[-1511.830553230069;
 -969.9028423982492;
 2905.435888916415]

第4幅图像的旋转向量：
[-1.153105255428368;
 -2.280973881652123;
 0.6150088646302029]
第4幅图像的旋转矩阵：
[-0.511327847970415, 0.5974733312758009, -0.6177130808912348;
 0.8270181993596113, 0.5375125994469491, -0.1646848607606962;
 0.2336337514528466, -0.5950679153256211, -0.7689664793292936]
第4幅图像的平移向量：
[-950.2626936531635;
 -992.1404321123031;
 2733.862983530735]

第5幅图像的旋转向量：
[-0.1900969350831215;
 2.480365200204973;
 -1.058651848591815]
第5幅图像的旋转矩阵：
[-0.896155190292507, 0.04317307896944628, 0.4416355512909921;
 -0.2890307158679842, 0.6983860013713457, -0.6547657889454697;
 -0.3367003418421803, -0.7144179997318381, -0.6133838940357974]
第5幅图像的平移向量：
[381.9294482715169;
 -488.068460053951;
 3196.056995151686]

第6幅图像的旋转向量：
[0.5057678340475013;
 2.558103661543355;
 -0.18263652577829]
第6幅图像的旋转矩阵：
[-0.7942454776700391, 0.3881197301762295, 0.467479621212115;
 0.3177699323455442, 0.9211191656197065, -0.2248594067971472;
 -0.5178768109288154, -0.03004259935470746, -0.8549275120887224]
第6幅图像的平移向量：
[614.0397631695794;
 -1030.966345964717;
 2723.657375139806]

第7幅图像的旋转向量：
[1.068521541688182;
 2.389563030114128;
 0.08355676718734785]
第7幅图像的旋转矩阵：
[-0.5557824441454462, 0.6789100469424084, 0.4797780976038515;
 0.7107640371340057, 0.6873953890161127, -0.1493387514222507;
 -0.4311848307822109, 0.2580091613102988, -0.8645871352173085]
第7幅图像的平移向量：
[-378.6912456617549;
 -915.4915709395557;
 2512.150694968299]

第8幅图像的旋转向量：
[1.348422896620334;
 2.27462236163885;
 -0.1652818604106918]
第8幅图像的旋转矩阵：
[-0.3939981914018672, 0.8515167774323744, 0.3459546255265879;
 0.7925595983442775, 0.5053644749070365, -0.3412565465662053;
 -0.4654188524806607, 0.1397351969015655, -0.873990484217343]
第8幅图像的平移向量：
[-689.8532207921052;
 -1094.989490462015;
 2766.45397073316]

第9幅图像的旋转向量：
[1.672253057834676;
 2.054495196874611;
 -0.8111739817563793]
第9幅图像的旋转矩阵：
[-0.2280445914279968, 0.9709495221178971, -0.07247544287181218;
 0.7585663853045742, 0.1305106336061356, -0.6383917399228136;
 -0.6103873388319832, -0.2005592182243248, -0.7662919134238971]
第9幅图像的平移向量：
[-1115.77313469972;
 -653.099773380922;
 3180.256872784564]

第10幅图像的旋转向量：
[1.490825739354025;
 1.94250684928335;
 -0.8232065778887733]
第10幅图像的旋转矩阵：
[-0.2326584249766663, 0.970801077698496, 0.05844078051169221;
 0.6331990650949612, 0.1968115131287488, -0.7485480427219351;
 -0.7381930650244856, -0.1371513610556285, -0.6605001914536773]
第10幅图像的平移向量：
[-747.5959081392317;
 -801.6228426000968;
 3082.368060876101]

第11幅图像的旋转向量：
[-1.820317688262973;
 -2.730205578119268;
 0.1015492276902332]
第11幅图像的旋转矩阵：
[-0.3782099455684819, 0.9219868698250515, 0.08305088165269142;
 0.9132697810600086, 0.3862830244302971, -0.1293202692526817;
 -0.1513127359996172, 0.02693764850883607, -0.9881188283891389]
第11幅图像的平移向量：
[-1160.087397471491;
 -860.9517544294075;
 2136.593041309433]


