每幅图像的标定误差：
第1幅图像的平均误差：0.0424949像素
第2幅图像的平均误差：0.0469567像素
第3幅图像的平均误差：0.0412174像素
第4幅图像的平均误差：0.0487212像素
第5幅图像的平均误差：0.0524505像素
第6幅图像的平均误差：0.0597437像素
第7幅图像的平均误差：0.029671像素
总体平均误差：0.0458936像素

相机内参数矩阵：
[400.7232230119243, 0, 312.3335728331593;
 0, 403.3717297941409, 221.7789568535077;
 0, 0, 1]

畸变系数：
[-0.4327464459957928, 0.2162183747353071, 0.001234029560033284, 0.001436887007266195, -0.05786342312077709]


第1幅图像的旋转向量：
[0.7556719832048663;
 2.55621722162221;
 -0.9800152428832661]
第1幅图像的旋转矩阵：
[-0.8164689123771014, 0.5706670637860708, 0.08784997115274337;
 0.3656785037669315, 0.6288208386450992, -0.6861950049136556;
 -0.4468307811739601, -0.5281320433333487, -0.7220933442429797]
第1幅图像的平移向量：
[-497.7239162708785;
 -978.2762164085508;
 2859.781638942388]

第2幅图像的旋转向量：
[-1.273892938818223;
 -2.211700176049038;
 0.3632339576064075]
第2幅图像的旋转矩阵：
[-0.3947965727811391, 0.7070104390855765, -0.5867468833698966;
 0.8575370585929112, 0.5127937212954751, 0.04089978654903501;
 0.3297966938283109, -0.4870101009465398, -0.8087368560390681]
第2幅图像的平移向量：
[-811.0419560866573;
 -1086.465982148272;
 3049.125287526259]

第3幅图像的旋转向量：
[0.647037313361011;
 2.319398661549222;
 -0.5830447613760656]
第3幅图像的旋转矩阵：
[-0.6655847563162682, 0.5820663739194989, 0.4671141921539315;
 0.2919901094650872, 0.7790893050875826, -0.5547626795961612;
 -0.6868323726601566, -0.2328488588126486, -0.6885075895120306]
第3幅图像的平移向量：
[-1538.967324351389;
 -947.1665280975016;
 2888.231593780008]

第4幅图像的旋转向量：
[-1.163632972157501;
 -2.292163473661678;
 0.6211373325654788]
第4幅图像的旋转矩阵：
[-0.5152311337550126, 0.6046124785799872, -0.6074377577619694;
 0.8285811237038544, 0.5325599874137611, -0.17272284518127;
 0.2190666570959225, -0.5923036472546994, -0.7753619730149256]
第4幅图像的平移向量：
[-974.4351181998651;
 -974.6558301024596;
 2724.164701919654]

第5幅图像的旋转向量：
[-0.1869351157004729;
 2.472967389616874;
 -1.06909012811497]
第5幅图像的旋转矩阵：
[-0.895222072104509, 0.0482512166242704, 0.4430002953849884;
 -0.2896589728875467, 0.6924471260039476, -0.660768232525297;
 -0.3386371524842494, -0.7198533168522261, -0.605917553116105]
第5幅图像的平移向量：
[359.8751949368769;
 -469.4539400079228;
 3185.899390334292]

第6幅图像的旋转向量：
[0.5031575924091445;
 2.554686958423547;
 -0.1957649253792653]
第6幅图像的旋转矩阵：
[-0.793403012967248, 0.3890897743547082, 0.4681034143296705;
 0.3132244466050479, 0.9203683721002373, -0.234120707513286;
 -0.5219215506792705, -0.03913064183172046, -0.8520954687160255]
第6幅图像的平移向量：
[597.1268041444463;
 -1013.927157324872;
 2724.195930616463]

第7幅图像的旋转向量：
[1.067421625356079;
 2.388476365896294;
 0.07381083139269604]
第7幅图像的旋转矩阵：
[-0.55528860087341, 0.6802818971506649, 0.4784047555670231;
 0.7085237858930847, 0.6881841496536641, -0.1561941771936263;
 -0.4354866410853279, 0.2522283024851806, -0.8641367188481595]
第7幅图像的平移向量：
[-398.7962896336866;
 -900.9125340878327;
 2506.469948968012]


