每幅图像的标定误差：
第1幅图像的平均误差：0.0402261像素
第2幅图像的平均误差：0.0435578像素
第3幅图像的平均误差：0.0342483像素
总体平均误差：0.0393441像素

相机内参数矩阵：
[398.2487855653291, 0, 315.7012909830601;
 0, 395.7904994540958, 225.8289455770985;
 0, 0, 1]

畸变系数：
[-0.3961755582267686, 0.1709119194279304, 0.0001847198816646017, 0.005092421327345697, -0.03674605019897435]


第1幅图像的旋转向量：
[0.761451687054142;
 2.562455466133149;
 -0.9483839860297619]
第1幅图像的旋转矩阵：
[-0.8129979722778509, 0.5742910407499561, 0.09604216566922674;
 0.373386706864491, 0.6407714036088924, -0.670816200947756;
 -0.4467848074957267, -0.5095113431822905, -0.7353784923150695]
第1幅图像的平移向量：
[-521.0932307975695;
 -1017.28793762117;
 2820.876063541104]

第2幅图像的旋转向量：
[-1.266036027743308;
 -2.210477963137259;
 0.3488941054916624]
第2幅图像的旋转矩阵：
[-0.3951318235980638, 0.7063526931111753, -0.5873131319106174;
 0.8529067576316404, 0.5195612260056037, 0.05105090810001434;
 0.3412050772868876, -0.4807515006384728, -0.8077481599282696]
第2幅图像的平移向量：
[-831.8901502990473;
 -1119.088638911109;
 2988.905574855448]

第3幅图像的旋转向量：
[0.6482261889567001;
 2.313448763154559;
 -0.5572419934444443]
第3幅图像的旋转矩阵：
[-0.6575402055654549, 0.580209151680021, 0.4806227401732983;
 0.2977360627870058, 0.7861055684403713, -0.5416560460136429;
 -0.6920940073292294, -0.2130619054964824, -0.6896452054826283]
第3幅图像的平移向量：
[-1556.592302845813;
 -982.4306706684646;
 2832.445820428839]


