每幅图像的标定误差：
第1幅图像的平均误差：0.040273像素
第2幅图像的平均误差：0.04404像素
第3幅图像的平均误差：0.0441537像素
第4幅图像的平均误差：0.050338像素
第5幅图像的平均误差：0.0561571像素
第6幅图像的平均误差：0.0583801像素
第7幅图像的平均误差：0.0298651像素
第8幅图像的平均误差：0.0329611像素
第9幅图像的平均误差：0.0372732像素
总体平均误差：0.0437157像素

相机内参数矩阵：
[402.2887401639704, 0, 310.1294302384587;
 0, 403.7979475616172, 222.8546337893353;
 0, 0, 1]

畸变系数：
[-0.4328192274841432, 0.2144509731842466, 0.001513927422764856, 0.002162881543297249, -0.05654648665866266]


第1幅图像的旋转向量：
[0.7541686123643018;
 2.565099964945803;
 -0.9769705647256919]
第1幅图像的旋转矩阵：
[-0.8194436199125028, 0.566959612302154, 0.08407705871927718;
 0.3673776404918052, 0.6321508438500311, -0.682216226636663;
 -0.4399384309779807, -0.5281497028664165, -0.7263002604369273]
第1幅图像的平移向量：
[-480.545806248056;
 -988.538544117473;
 2865.129924914039]

第2幅图像的旋转向量：
[-1.267811087451494;
 -2.204063988398342;
 0.3646917809009333]
第2幅图像的旋转矩阵：
[-0.3920287811652839, 0.702419054013788, -0.5940714664890387;
 0.8563373349907801, 0.5145943036643289, 0.0433482564483578;
 0.3361544339123761, -0.4917318122661981, -0.8032434384210371]
第2幅图像的平移向量：
[-792.0350202317812;
 -1095.255479540086;
 3054.797667231711]

第3幅图像的旋转向量：
[0.6444542644070697;
 2.324965588915195;
 -0.5775254450066072]
第3幅图像的旋转矩阵：
[-0.6687366999624681, 0.5785529501923669, 0.4669772049543922;
 0.2927921068031829, 0.7822538910356492, -0.5498651035966358;
 -0.6834208134941906, -0.2309877351360766, -0.6925176228080007]
第3幅图像的平移向量：
[-1518.86906956745;
 -957.9393518491014;
 2897.903845038526]

第4幅图像的旋转向量：
[-1.157253528741926;
 -2.284714058707744;
 0.6196612220517644]
第4幅图像的旋转矩阵：
[-0.512849368597345, 0.5996755750620943, -0.6143083344732114;
 0.8278891303180198, 0.5347942259533733, -0.1690997450861615;
 0.2271235633539098, -0.5953018902715482, -0.7707337714208092]
第4幅图像的平移向量：
[-956.5310046732205;
 -982.8993606694976;
 2729.26223745278]

第5幅图像的旋转向量：
[-0.1896732052008213;
 2.478369547720253;
 -1.063995146600436]
第5幅图像的旋转矩阵：
[-0.8962990831410699, 0.04429982674516947, 0.4412317745933826;
 -0.2893819438101138, 0.6955083933944729, -0.6576672147176862;
 -0.3360149463300074, -0.7171510301660223, -0.6105639653424162]
第5幅图像的平移向量：
[377.1826443560801;
 -478.5964561260749;
 3188.627291733317]

第6幅图像的旋转向量：
[0.5042125427633536;
 2.557678643966268;
 -0.1903190167937749]
第6幅图像的旋转矩阵：
[-0.7945834650712839, 0.3884977951856114, 0.4665903772810048;
 0.3151628809438127, 0.9207594536615707, -0.2299443127542889;
 -0.5189503593895159, -0.03565798127719594, -0.8540603215585696]
第6幅图像的平移向量：
[610.7548005569248;
 -1021.967730153959;
 2722.144040799446]

第7幅图像的旋转向量：
[1.068338679363123;
 2.390564879299941;
 0.0775153269098186]
第7幅图像的旋转矩阵：
[-0.5563157616413064, 0.6800289421163197, 0.477570320721056;
 0.7095388689254678, 0.687867842753908, -0.1529458217443448;
 -0.4325128516396028, 0.2537685338832303, -0.8651786892759985]
第7幅图像的平移向量：
[-383.7068067199435;
 -907.9193901150427;
 2508.472649119715]

第8幅图像的旋转向量：
[1.347572514356099;
 2.272779234807421;
 -0.1733881934634102]
第8幅图像的旋转矩阵：
[-0.3935374727929103, 0.8525011511145271, 0.3440494802440128;
 0.7904447482806469, 0.5048701264692358, -0.3468475966681643;
 -0.4693882800233871, 0.1354545781704821, -0.8725403714610248]
第8幅图像的平移向量：
[-695.5787787192018;
 -1085.540731300189;
 2763.10433009893]

第9幅图像的旋转向量：
[1.669907214541067;
 2.048976449843655;
 -0.8143405428011767]
第9幅图像的旋转矩阵：
[-0.2266320686106756, 0.9713682095077395, -0.07128609285810567;
 0.7552938527427769, 0.1290640903228398, -0.6425524543553705;
 -0.6149545523745787, -0.1994649396432024, -0.7629184991641735]
第9幅图像的平移向量：
[-1121.227779218415;
 -641.9774233073935;
 3168.033125698749]


